# PWMs from => http://katahdin.mssm.edu/splice/splice_matrix_poster.cgi?database=spliceNew

PWM5SS = { "AT-AC_U12": [{'A': 0.518121301775148, 'C': 0.259245562130178, 'G': 0.148298816568047, 'T': 0.0743343195266272},
                {'A': 0.333210059171598, 'C': 0.185281065088757, 'G': 0.148298816568047, 'T': 0.333210059171598},
                {'A': 0.370192307692308, 'C': 0.185281065088757, 'G': 0.296227810650888, 'T': 0.148298816568047},
                {'A': 0.998890532544379, 'C': 0.000369822485207101, 'G': 0.000369822485207101, 'T': 0.000369822485207101},
                {'A': 0.000369822485207101, 'C': 0.000369822485207101, 'G': 0.000369822485207101, 'T': 0.998890532544379},
                {'A': 0.998890532544379, 'C': 0.000369822485207101, 'G': 0.000369822485207101, 'T': 0.000369822485207101},
                {'A': 0.000369822485207101, 'C': 0.000369822485207101, 'G': 0.000369822485207101, 'T': 0.998890532544379},
                {'A': 0.000369822485207101, 'C': 0.998890532544379, 'G': 0.000369822485207101, 'T': 0.000369822485207101},
                {'A': 0.000369822485207101, 'C': 0.998890532544379, 'G': 0.000369822485207101, 'T': 0.000369822485207101},
                {'A': 0.000369822485207101, 'C': 0.000369822485207101, 'G': 0.000369822485207101, 'T': 0.998890532544379},
                {'A': 0.0373520710059172, 'C': 0.0373520710059172, 'G': 0.0373520710059172, 'T': 0.887943786982249},
                {'A': 0.259245562130178, 'C': 0.0373520710059172, 'G': 0.000369822485207101, 'T': 0.703032544378698},
                {'A': 0.0743343195266272, 'C': 0.259245562130178, 'G': 0.111316568047337, 'T': 0.555103550295858}
            ],
           "GT-AG_U12": [{'A': 0.277770920760306, 'C': 0.185201184892619, 'G': 0.228400394964206, 'T': 0.308627499382868},
                {'A': 0.123488027647494, 'C': 0.407368550975068, 'G': 0.160515921994569, 'T': 0.308627499382868},
                {'A': 0.283942236484819, 'C': 0.271599605035794, 'G': 0.00623302888175759, 'T': 0.43822512959763},
                {'A': 6.17131572451247e-05, 'C': 6.17131572451247e-05, 'G': 0.999814860528265, 'T': 6.17131572451247e-05},
                {'A': 6.17131572451247e-05, 'C': 6.17131572451247e-05, 'G': 6.17131572451247e-05, 'T': 0.999814860528265},
                {'A': 0.999814860528265, 'C': 6.17131572451247e-05, 'G': 6.17131572451247e-05, 'T': 6.17131572451247e-05},
                {'A': 0.00623302888175759, 'C': 6.17131572451247e-05, 'G': 6.17131572451247e-05, 'T': 0.993643544803752},
                {'A': 0.00623302888175759, 'C': 0.981300913354727, 'G': 0.00623302888175759, 'T': 0.00623302888175759},
                {'A': 6.17131572451247e-05, 'C': 0.999814860528265, 'G': 6.17131572451247e-05, 'T': 6.17131572451247e-05},
                {'A': 0.00623302888175759, 'C': 0.00623302888175759, 'G': 6.17131572451247e-05, 'T': 0.98747222907924},
                {'A': 0.0864601333004197, 'C': 0.104974080473957, 'G': 0.0309182917798075, 'T': 0.777647494445816},
                {'A': 0.135830659096519, 'C': 0.185201184892619, 'G': 0.0802888175759072, 'T': 0.598679338434954},
                {'A': 0.283942236484819, 'C': 0.172858553443594, 'G': 0.0679461861268822, 'T': 0.475253023944705}
            ],
           "GC-AG_U2": [{'A': 0.382053951098512, 'C': 0.439637225372077, 'G': 0.143969259390503, 'T': 0.0343395641389086},
                {'A': 0.916913979447201, 'C': 0.0188363749114103, 'G': 0.00554792700212615, 'T': 0.0587017186392629},
                {'A': 0.0276953401842665, 'C': 1.10737065910702e-05, 'G': 0.958994064493267, 'T': 0.0132995216158753},
                {'A': 1.10737065910702e-05, 'C': 1.10737065910702e-05, 'G': 0.999966778880227, 'T': 1.10737065910702e-05},
                {'A': 1.10737065910702e-05, 'C': 0.999966778880227, 'G': 1.10737065910702e-05, 'T': 1.10737065910702e-05},
                {'A': 0.927987686038271, 'C': 0.00554792700212615, 'G': 0.0420911587526577, 'T': 0.0243732282069454},
                {'A': 0.793995836286322, 'C': 0.0343395641389086, 'G': 0.0210511162296244, 'T': 0.150613483345145},
                {'A': 0.0675606839121191, 'C': 0.0121921509567683, 'G': 0.857115963855422, 'T': 0.063131201275691},
                {'A': 0.151720854004252, 'C': 0.132895552799433, 'G': 0.0498427533664068, 'T': 0.665540839829908},
                {'A': 0.253598954642098, 'C': 0.2380957654146, 'G': 0.126251328844791, 'T': 0.382053951098512},
                {'A': 0.245847360028349, 'C': 0.225914688164422, 'G': 0.0764196491849752, 'T': 0.451818302622254},
                {'A': 0.220377834868887, 'C': 0.261350549255847, 'G': 0.0775270198440822, 'T': 0.440744596031184},
                {'A': 0.211518869596031, 'C': 0.225914688164422, 'G': 0.109640768958186, 'T': 0.452925673281361}
            ],
           "GT-AG_U2": [{'A': 0.364312293363641, 'C': 0.332764552013093, 'G': 0.182542343840027, 'T': 0.120380810783239},
                {'A': 0.651744276684737, 'C': 0.0991154958051293, 'G': 0.0753177404453359, 'T': 0.173822487064797},
                {'A': 0.092865217416293, 'C': 0.0224328418363462, 'G': 0.789196519528887, 'T': 0.0955054212184738},
                {'A': 8.98028504143144e-08, 'C': 8.98028504143144e-08, 'G': 0.999999730591449, 'T': 8.98028504143144e-08},
                {'A': 8.98028504143144e-08, 'C': 8.98028504143144e-08, 'G': 8.98028504143144e-08, 'T': 0.999999730591449},
                {'A': 0.664146050326954, 'C': 0.0463742817568024, 'G': 0.117031164462785, 'T': 0.172448503453458},
                {'A': 0.538951896564358, 'C': 0.137533155212373, 'G': 0.0505411340160266, 'T': 0.272973814207242},
                {'A': 0.209177869272913, 'C': 0.0919761691971913, 'G': 0.495379553543333, 'T': 0.203466407986563},
                {'A': 0.233855692566767, 'C': 0.147151040491746, 'G': 0.108059859706395, 'T': 0.510933407235092},
                {'A': 0.310628149385964, 'C': 0.169790339081195, 'G': 0.119087649737273, 'T': 0.400493861795569},
                {'A': 0.272408056249632, 'C': 0.196829977340945, 'G': 0.0967716414093157, 'T': 0.433990325000108},
                {'A': 0.262134610162234, 'C': 0.224219846717311, 'G': 0.0939518319063062, 'T': 0.419693711214149},
                {'A': 0.252184454336328, 'C': 0.210911064285909, 'G': 0.102474122410625, 'T': 0.434430358967138}
            ]
}
               
PWM3SS = { "AT-AC_U12": [{'A': 0.185281065088757, 'C': 0.000369822485207101, 'G': 0.148298816568047, 'T': 0.666050295857988},
                {'A': 0.444156804733728, 'C': 0.111316568047337, 'G': 0.148298816568047, 'T': 0.296227810650888},
                {'A': 0.592085798816568, 'C': 0.185281065088757, 'G': 0.0743343195266272, 'T': 0.148298816568047},
                {'A': 0.148298816568047, 'C': 0.481139053254438, 'G': 0.148298816568047, 'T': 0.222263313609467},
                {'A': 0.185281065088757, 'C': 0.222263313609467, 'G': 0.148298816568047, 'T': 0.444156804733728},
                {'A': 0.333210059171598, 'C': 0.111316568047337, 'G': 0.185281065088757, 'T': 0.370192307692308},
                {'A': 0.296227810650888, 'C': 0.0743343195266272, 'G': 0.296227810650888, 'T': 0.333210059171598},
                {'A': 0.259245562130178, 'C': 0.0743343195266272, 'G': 0.111316568047337, 'T': 0.555103550295858},
                {'A': 0.148298816568047, 'C': 0.111316568047337, 'G': 0.333210059171598, 'T': 0.407174556213018},
                {'A': 0.296227810650888, 'C': 0.111316568047337, 'G': 0.222263313609467, 'T': 0.370192307692308},
                {'A': 0.185281065088757, 'C': 0.0743343195266272, 'G': 0.148298816568047, 'T': 0.592085798816568},
                {'A': 0.111316568047337, 'C': 0.592085798816568, 'G': 0.000369822485207101, 'T': 0.296227810650888},
                {'A': 0.998890532544379, 'C': 0.000369822485207101, 'G': 0.000369822485207101, 'T': 0.000369822485207101},
                {'A': 0.000369822485207101, 'C': 0.998890532544379, 'G': 0.000369822485207101, 'T': 0.000369822485207101},
                {'A': 0.222263313609467, 'C': 0.185281065088757, 'G': 0.370192307692308, 'T': 0.222263313609467},
                {'A': 0.0373520710059172, 'C': 0.185281065088757, 'G': 0.148298816568047, 'T': 0.629068047337278},
                {'A': 0.444156804733728, 'C': 0.0743343195266272, 'G': 0.259245562130178, 'T': 0.222263313609467}
            ],
            "GT-AG_U12": [{'A': 0.308627499382868, 'C': 0.185201184892619, 'G': 0.0617748704023698, 'T': 0.444396445322143},
                {'A': 0.296284867933844, 'C': 0.166687237719082, 'G': 0.142001974821032, 'T': 0.395025919526043},
                {'A': 0.432053813873118, 'C': 0.172858553443594, 'G': 0.104974080473957, 'T': 0.290113552209331},
                {'A': 0.327141446556406, 'C': 0.240743026413231, 'G': 0.148173290545544, 'T': 0.283942236484819},
                {'A': 0.265428289311281, 'C': 0.277770920760306, 'G': 0.0926314490249321, 'T': 0.364169340903481},
                {'A': 0.314798815107381, 'C': 0.209886447790669, 'G': 0.154344606270057, 'T': 0.320970130831893},
                {'A': 0.320970130831893, 'C': 0.129659343372007, 'G': 0.234571710688719, 'T': 0.314798815107381},
                {'A': 0.333312762280918, 'C': 0.0926314490249321, 'G': 0.148173290545544, 'T': 0.425882498148605},
                {'A': 0.203715132066156, 'C': 0.197543816341644, 'G': 0.179029869168107, 'T': 0.419711182424093},
                {'A': 0.327141446556406, 'C': 0.154344606270057, 'G': 0.0556035546778573, 'T': 0.46291039249568},
                {'A': 0.345655393729943, 'C': 0.135830659096519, 'G': 0.129659343372007, 'T': 0.38885460380153},
                {'A': 0.185201184892619, 'C': 0.320970130831893, 'G': 0.00623302888175759, 'T': 0.48759565539373},
                {'A': 0.999814860528265, 'C': 6.17131572451247e-05, 'G': 6.17131572451247e-05, 'T': 6.17131572451247e-05},
                {'A': 6.17131572451247e-05, 'C': 6.17131572451247e-05, 'G': 0.999814860528265, 'T': 6.17131572451247e-05},
                {'A': 0.654221179955567, 'C': 0.142001974821032, 'G': 0.0679461861268822, 'T': 0.135830659096519},
                {'A': 0.135830659096519, 'C': 0.191372500617132, 'G': 0.0988027647494446, 'T': 0.573994075536905},
                {'A': 0.481424339669218, 'C': 0.117316711922982, 'G': 0.203715132066156, 'T': 0.197543816341644}
            ],
            "GC-AG_U2": [{'A': 0.19712305102764, 'C': 0.138432406094968, 'G': 0.160579819277108, 'T': 0.503864723600283},
                {'A': 0.179405120481928, 'C': 0.143969259390503, 'G': 0.161687189936215, 'T': 0.514938430191354},
                {'A': 0.172760896527286, 'C': 0.155042965981573, 'G': 0.137325035435861, 'T': 0.53487110205528},
                {'A': 0.199337792345854, 'C': 0.162794560595322, 'G': 0.152828224663359, 'T': 0.485039422395464},
                {'A': 0.204874645641389, 'C': 0.165009301913536, 'G': 0.146184000708717, 'T': 0.483932051736357},
                {'A': 0.24916947200567, 'C': 0.14507663004961, 'G': 0.152828224663359, 'T': 0.452925673281361},
                {'A': 0.196015680368533, 'C': 0.14507663004961, 'G': 0.143969259390503, 'T': 0.514938430191354},
                {'A': 0.20819675761871, 'C': 0.12292921686747, 'G': 0.170546155209072, 'T': 0.498327870304748},
                {'A': 0.176083008504607, 'C': 0.172760896527286, 'G': 0.147291371367824, 'T': 0.503864723600283},
                {'A': 0.148398742026931, 'C': 0.0919228384124734, 'G': 0.062023830616584, 'T': 0.697654588944011},
                {'A': 0.270209514528703, 'C': 0.0719901665485471, 'G': 0.38648343373494, 'T': 0.27131688518781},
                {'A': 0.0221584868887314, 'C': 0.790673724309001, 'G': 1.10737065910702e-05, 'T': 0.187156715095677},
                {'A': 0.999966778880227, 'C': 1.10737065910702e-05, 'G': 1.10737065910702e-05, 'T': 1.10737065910702e-05},
                {'A': 1.10737065910702e-05, 'C': 1.10737065910702e-05, 'G': 0.999966778880227, 'T': 1.10737065910702e-05},
                {'A': 0.248062101346563, 'C': 0.0775270198440822, 'G': 0.56809222182849, 'T': 0.106318656980865},
                {'A': 0.245847360028349, 'C': 0.136217664776754, 'G': 0.189371456413891, 'T': 0.428563518781006},
                {'A': 0.28239059177888, 'C': 0.143969259390503, 'G': 0.200445163004961, 'T': 0.373194985825656}
            ],
            "GT-AG_U2": [{'A': 0.193085198478668, 'C': 0.138898158538671, 'G': 0.160468803208189, 'T': 0.507547839774473},
                {'A': 0.189115912490355, 'C': 0.13732660865642, 'G': 0.155188395603827, 'T': 0.518369083249398},
                {'A': 0.191145456909719, 'C': 0.133662652359516, 'G': 0.155125533608537, 'T': 0.520066357122228},
                {'A': 0.183943268306491, 'C': 0.1361950927412, 'G': 0.16449197090675, 'T': 0.51536966804556},
                {'A': 0.207947570222237, 'C': 0.142166982293752, 'G': 0.178330590155596, 'T': 0.471554857328416},
                {'A': 0.20827984076877, 'C': 0.147294725052409, 'G': 0.152350625530735, 'T': 0.492074808648086},
                {'A': 0.209447277824156, 'C': 0.130977547132128, 'G': 0.157065275177486, 'T': 0.50250989986623},
                {'A': 0.196605470214909, 'C': 0.12873247587177, 'G': 0.175609563788042, 'T': 0.499052490125279},
                {'A': 0.194153852398598, 'C': 0.137093121245343, 'G': 0.148013147855723, 'T': 0.520739878500336},
                {'A': 0.162246899646392, 'C': 0.110430654957333, 'G': 0.102842314097323, 'T': 0.624480131298952},
                {'A': 0.263876785460272, 'C': 0.0853127976964491, 'G': 0.375322122824436, 'T': 0.275488294018843},
                {'A': 0.0673971290387934, 'C': 0.642494583092063, 'G': 0.00822603090080162, 'T': 0.281882256968342},
                {'A': 0.999999730591449, 'C': 8.98028504143144e-08, 'G': 8.98028504143144e-08, 'T': 8.98028504143144e-08},
                {'A': 8.98028504143144e-08, 'C': 8.98028504143144e-08, 'G': 0.999999730591449, 'T': 8.98028504143144e-08},
                {'A': 0.250648825594243, 'C': 0.103578697470721, 'G': 0.524727125058731, 'T': 0.121045351876305},
                {'A': 0.23851646050327, 'C': 0.144870048091222, 'G': 0.182919515811767, 'T': 0.433693975593741},
                {'A': 0.300202038452862, 'C': 0.142642937400947, 'G': 0.223770832465239, 'T': 0.333384191680951}
            ]
}
